8886096374
8886029347
8886097314
8886097264
8886069583
8886028479
8886056234
8886086539
8886069748
8886091478
8886082964
8886059173
8886093261
8886087541
8886097236
8886098475
8886082793
8886063591
8886095286
8886082376
8886098735
8886097324
8886082516
8886072631
8886064285
8886082419
8886102457
8886031567
8886096734
8886092167
8886043957
8886074251
8886089532
8886096148
8886084652
8886069247
8886098471
8886094768
8886064138
8886098157
8886089631
8886078369
8886078463
8886079654
8886093246
8886093542
8886084372
8886084125
8886027863
8886043689
8886092685
8886079613
8886049231
8886045287
8886078659
8886068149
8886092165
8886093156
8886042197
8886059142
8886094786
8886072359
8886038591
8886063975
8886084267
8886073198
8886053187
8886102538
8886074815
8886064829
8886094561
8886072935
8886097342
8886046923
8886078245
8886095326
8886095816
8886029657
8886076823
8886102537
8886091283
8886097136
8886069218
8886087529
8886092315
8886081956
8886085329
8886057963
8886102389
8886098256
8886068752
8886083179
8886093712
8886039716
8886092186
8886093658
8886098523
8886091453
8886093467
8886061873
8886098534
8886019753
8886048617
8886102634
8886083254
8886092634
8886095647
8886097612
8886094278
8886056421
8886098126
8886068372
8886097531
8886098215
8886081436
8886047563
8886097384
8886056481
8886081457
8886034298
8886083692
8886069427
8886039281
8886076124
8886057342
8886074862
8886094521
8886092841
8886095642
8886087341
8886069817
8886069835
8886102379
8886091425
8886081269
8886086279
8886031965
8886046723
8886095274
8886048712
8886086379
8886084695
8886096125
8886085619
8886095347
8886071235
8886073812
8886086453
8886075142
8886043195
8886089721
8886046728
8886084671
8886098637
8886092617
8886082164
8886085147
8886031854
8886016243
8886087396
8886067829
8886093257
8886091382
8886079645
8886097184
8886085372
8886061289
8886065824
8886085276
8886082465
8886091635
8886074652
8886081539
8886076931
8886057463
8886096143
8886091352
8886074126
8886072183
8886013562
8886064751
8886095318
8886047192
8886048579
8886093748
8886089452
8886086495
8886092563
8886065382
8886094218
8886095412
8886094351
8886058613
8886102563
8886028539
8886082973
8886093758
8886096852
8886089731
8886094136
8886086952
8886084276
8886057234
8886089523
8886085749
8886097836
8886095268
8886093518
8886048275
8886093625
8886063817
8886058136
8886093852
8886084395
8886082519
8886058912
8886048719
8886075613
8886091784
8886096485
8886087394
8886095247
8886075239
8886079543
8886085149
8886094186
8886095243
8886061389
8886081965
8886089637
8886051746
8886056418
8886048295
8886083527
8886095436
8886102486
8886098421
8886094715
8886096348
8886097536
8886086542
8886098146
8886082634
8886097624
8886095264
8886012748
8886087169
8886096185
8886084537
8886087519
8886067491
8886097628
8886078139
8886079254
8886091358
8886086427
8886051837
8886068731
8886096781
8886075329
8886073126
8886082694
8886028379
8886073524
8886047196
8886056291
8886047695
8886064218
8886083751
8886098276
8886086395
8886071498
8886094817
8886102485
8886094372
8886051278
8886093178
8886053729
8886095328
8886017846
8886059683
8886086329
8886076542
8886078132
8886078314
8886093168
8886085734
8886091368
8886098536
8886093145
8886072634
8886091482
8886085247
8886057482
8886072518
8886094751
8886098415
8886036915
8886093481
8886098231
8886079381
8886094173
8886095248
8886095127
8886053218
8886089735
8886094387
8886086257
8886038192
8886021459
8886048173
8886051972
8886058691
8886048512
8886095872
8886091728
8886021957
8886098724
8886051769
8886079315
8886084756
8886032918
8886079568
8886084326
8886087913
8886085471
8886086271
8886093486
8886092176
8886083925
8886085237
8886091782
8886075298
8886098731
8886086312
8886083972
8886096871
8886091245
8886079513
8886029374
8886053974
8886097348
8886096428
8886096154
8886102487
8886089165
8886096813
8886096453
8886094231
8886097258
8886054791
8886079182
8886076845
8886072149
8886094516
8886096827
8886037912
8886092671
8886094638
8886098726
8886065432
8886094386
8886098264
8886045369
8886072583
8886075431
8886097286
8886079653
8886096854
8886074569
8886096384
8886068724
8886095417
8886092864
8886019536
8886069483
8886069245
8886023756
8886067354
8886027149
8886096214
8886062137
8886049813
8886062438
8886086294
8886056927
8886047296
8886093714
8886076543
8886015348
8886093458
8886059784
8886084531
8886071643
8886019485
8886093426
8886076549
8886092785
8886071289
8886098362
8886097854
8886083469
8886075982
8886065342
8886093865
8886051846
8886067891
8886023169
8886089453
8886089263
8886047612
8886052694
8886095841
8886027951
8886086934
8886096187
8886093176
8886058672
8886094123
8886098375
8886091472
8886059217
8886097326
8886069481
8886059364
8886078356
8886084596
8886086452
8886071542
8886093786
8886087542
8886094215
8886045982
8886082571
8886095273
8886017849
8886089524
8886057632
8886087345
8886086735
8886074638
8886043176
8886083524
8886102374
8886064738
8886102358
8886095643
8886047236
8886091367
8886087652
8886046872
8886095846
8886085672
8886069472
8886069743
8886068327
8886087249
8886061798
8886068254
8886087521
8886053619
8886098254
8886076841
8886079318
8886094528
8886094385
8886074369
8886056921
8886098742
8886089746
8886041258
8886078546
8886094376
8886047352
8886086247
8886041978
8886047615
8886097284
8886072916
8886073648
8886095174
8886091683
8886074521
8886096274
8886091267
8886098714
8886076258
8886061592
8886083957
8886089561
8886078154
8886092736
8886058146
8886086917
8886091764
8886056731
8886036925
8886074182
8886078651
8886073821
8886095186
8886097625
8886087546
8886095624
8886096712
8886093628
8886074153
8886078426
8886095367
8886073681
8886094621
8886094758
8886079386
8886096821
8886086392
8886017652
8886095468
8886086274
8886082156
8886083956
8886083695
8886093174
8886083574
8886042976
8886097352
8886078316
8886097124
8886097134
8886098132
8886091356
8886091473
8886081952
8886098764
8886089326
8886092731
8886089742
8886082937
8886085124
8886085241
8886084736
8886084129
8886097428
8886015283
8886083127
8886097432
8886102546
8886071984
8886089642
8886071423
8886058927
8886095716
8886075381
8886074586
8886057916
8886102483
8886091372
8886067542
8886083479
8886074635
8886097638
8886081925
8886083216
8886029184
8886092378
8886076149
8886069385
8886102568
8886061452
8886054128
8886052396
8886057184
8886093576
8886085317
8886095648
8886072638
8886039486
8886097621
8886094378
8886087935
8886097814
8886085371
8886051783
8886069841
8886025796
8886074196
8886072198
8886083164
8886087346
8886102489
8886095837
8886079512
8886094615
8886051429
8886058372
8886056471
8886042698
8886093254
8886082954
8886067524
8886092137
8886083641
8886097541
8886102645
8886089716
8886095287
8886036259
8886098352
8886076513
8886086194
8886051637
8886094362
8886095413
8886098235
8886096157
8886023817
8886095217
8886098341
8886076538
8886082547
8886094176
8886095317
8886073194
8886047368
8886095628
8886091246
8886084692
8886034721
8886073489
8886076534
8886079863
8886086129
8886087251
8886054713
8886097364
8886102637
8886091287
8886096213
8886078635
8886091856
8886095672
8886072189
8886073895
8886047318
8886086152
8886085173
8886054318
8886059716
8886085463
8886057863
8886046351
8886092534
8886065728
8886082317
8886049618
8886096482
8886098621
8886084391
8886052986
8886069357
8886036147
8886096283
8886063512
8886072534
8886059763
8886082567
8886095864
8886096543
8886085917
8886078563
8886082395
8886094217
8886095614
8886098152
8886065972
8886102473
8886087615
8886084627
8886086514
8886098165
8886079163
8886061532
8886098312
8886085794
8886082753
8886076523
8886065719
8886093768
8886087531
8886102396
8886098326
8886053716
8886083125
8886098417
8886083217
8886085796
8886058794
8886067394
8886049532
8886095817
8886017296
8886082741
8886086472
8886098627
8886089425
8886095612
8886095867
8886067814
8886049875
8886047358
8886086792
8886087923
8886086491
8886097483
8886071532
8886089354
8886097123
8886091642
8886078396
8886095487
8886083476
8886063587
8886095741
8886087916
8886059674
8886097845
8886046795
8886087692
8886096257
8886048265
8886056432
8886093846
8886096251
8886079125
8886095876
8886097315
8886082471
8886078169
8886054286
8886097436
8886093867
8886076254
8886062589
8886075163
8886098473
8886069781
8886083579
8886023689
8886073946
8886071832
8886092476
8886096314
8886082941
8886076153
8886093428
8886086953
8886094158
8886069754
8886092537
8886071968
8886051462
8886086571
8886064158
8886084619
8886082637
8886092487
8886095731
8886094271
8886081479
8886052893
8886086712
8886062834
8886063981
8886069471
8886076942
8886049386
8886032761
8886087495
8886098456
8886095416
8886026489
8886032176
8886096738
8886087619
8886059241
8886087963
8886068352
8886094137
8886067914
8886097684
8886051286
8886096247
8886073265
8886057684
8886076293
8886091568
8886097462
8886086714
8886058724
8886049132
8886094567
8886076128
8886096317
8886082496
8886074259
8886082396
8886032914
8886069738
8886096851
8886094316
8886059328
8886094267
8886093468
8886083657
8886098257
8886042718
8886074159
8886093826
8886068347
8886089462
8886057842
8886059371
8886083429
8886084359
8886082791
8886085291
8886092384
8886073285
8886064273
8886072459
8886057893
8886062987
8886063984
8886089316
8886079638
8886063987
8886084317
8886084972
8886098147
8886097582
8886087432
8886076981
8886061938
8886056137
8886091752
8886074915
8886068915
8886068354
8886098467
8886078213
8886096281
8886072195
8886026941
8886102498
8886061947
8886069213
8886093614
8886073459
8886064172
8886097385
8886078542
8886083267
8886058436
8886091743
8886025487
8886093687
8886092831
8886091864
8886067195
8886059281
8886083629
8886071258
8886032658
8886067184
8886083491
8886098532
8886054361
8886095813
8886092865
8886085419
8886043896
8886097485
8886096718
8886059421
8886084519
8886094816
8886069785
8886082497
8886079325
8886085326
8886049367
8886083947
8886072958
8886064532
8886097135
8886095283
8886067298
8886023871
8886094783
8886095142
8886093475
8886075961
8886098725
8886014579
8886084237
8886098457
8886093567
8886096725
8886097435
8886087342
8886062375
8886082947
8886063594
8886076195
8886068439
8886082574
8886095862
8886091456
8886096158
8886094738
8886092856
8886049761
8886093157
8886084753
8886042853
8886049621
8886087465
8886089175
8886095321
8886082416
8886071495
8886056971
8886043128
8886067518
8886082176
8886049635
8886096372
8886095261
8886071263
8886086493
8886092648
8886093164
8886072489
8886048796
8886057164
8886051362
8886052638
8886085394
8886097851
8886054392
8886065239
8886079564
8886072946
8886047185
8886086125
8886096357
8886092143
8886061758
8886078624
8886069348
8886096438
8886065841
8886091637
8886087591
8886095742
8886095783
8886092678
8886021467
8886079268
8886064397
8886047689
8886084259
8886098527
8886052943
8886081739
8886083142
8886089714
8886086315
8886082439
8886098351
8886069457
8886092854
8886023948
8886102578
8886096784
8886094723
8886097826
8886059748
8886079148
8886083426
8886029751
8886082714
8886075462
8886068413
8886065931
8886098542
8886084231
8886094857
8886095346
8886092657
8886092458
8886092846
8886083496
8886057694
8886087391
8886085462
8886096541
8886096872
8886097563
8886019254
8886085137
8886018342
8886085692
8886094687
8886071628
8886094672
8886072536
8886097182
8886097241
8886092645
8886095743
8886094763
8886073914
8886071354
8886056194
8886089567
8886102354
8886092637
8886096128
8886018497
8886054293
8886067485
8886092437
8886084529
8886073526
8886063184
8886092157
8886086159
8886087264
8886061874
8886016347
8886076498
8886042615
8886096847
8886094821
8886089127
8886095713
8886082475
8886092738
8886096123
8886073689
8886048361
8886084632
8886098524
8886087942
8886093146
8886057216
8886092561
8886085961
8886095714
8886094326
8886058172
8886094612
8886091783
8886086324
8886079658
8886086351
8886086251
8886079352
8886047592
8886091237
8886072615
8886092183
8886056241
8886089617
8886049285
8886092753
8886089713
8886094253
8886084316
8886052419
8886067395
8886095473
8886057138
8886087415
8886075314
8886097623
8886095183
8886094527
8886091582
8886079123
8886096748
8886065738
8886087214
8886094637
8886095873
8886056371
8886085362
8886062859
8886096327
8886093621
8886075942
8886097458
8886074628
8886096354
8886094135
8886086253
8886016374
8886102649
8886092583
8886051482
8886075832
8886062359
8886069758
8886091867
8886053498
8886089435
8886089264
8886097516
8886018369
8886018475
8886095782
8886082459
8886098613
8886064918
8886053749
8886098531
8886089764
8886087263
8886075692
8886069871
8886046952
8886048193
8886096832
8886064251
8886074965
8886083261
8886079468
8886084195
8886069214
8886059476
8886054836
8886086321
8886073245
8886093814
8886085279
8886093845
8886052376
8886083159
8886102435
8886091264
8886067238
8886056287
8886061529
8886081649
8886093782
8886046519
8886081537
8886087125
8886064153
8886091853
8886041897
8886058437
8886075386
8886093125
8886017294
8886076985
8886098746
8886042869
8886097245
8886098672
8886085731
8886083257
8886067483
8886097132
8886094513
8886039674
8886069827
8886096382
8886082917
8886094813
8886097254
8886072485
8886062849
8886094682
8886025941
8886082745
8886085231
8886086521
8886068593
8886075931
8886049128
8886095341
8886042968
8886046538
8886097138
8886093728
8886086537
8886046725
8886063914
8886093651
8886051478
8886095132
8886096584
8886093425
8886078592
8886087512
8886071698
8886075439
8886096531
8886084321
8886013247
8886089672
8886049378
8886091872
8886093726
8886074285
8886076283
8886081597
8886082534
8886097518
8886084357
8886049587
8886096742
8886061734
8886086429
8886061749
8886093745
8886095687
8886061738
8886087469
8886071589
8886029763
8886091673
8886085426
8886072361
8886096234
8886065184
8886064723
8886048619
8886086513
8886093842
8886087246
8886047359
8886096178
8886057921
8886094276
8886095746
8886085493
8886064381
8886084936
8886098136
8886102456
8886048927
8886072451
8886072136
8886082174
8886021873
8886068749
8886073561
8886086951
8886027435
8886086532
8886094875
8886095138
8886059762
8886068537
8886097253
8886086497
8886016285
8886054283
8886098145
8886098371
8886065241
8886051382
8886023496
8886071942
8886059843
8886047293
8886086739
8886087516
8886083197
8886074621
8886064598
8886089652
8886069251
8886016875
8886085214
8886079452
8886043518
8886094725
8886086471
8886095673
8886076485
8886068432
8886089361
8886068194
8886021348
8886084593
8886091725
8886084926
8886083264
8886069431
8886038971
8886047682
8886073892
8886012635
8886062871
8886064935
8886079562
8886015864
8886068539
8886054273
8886054372
8886065732
8886048319
8886102586
8886102479
8886098243
8886047139
8886047865
8886084953
8886072613
8886091753
8886089231
8886056913
8886094275
8886074561
8886074615
8886058243
8886021468
8886074298
8886098135
8886049863
8886092875
8886096524
8886102534
8886085742
8886102584
8886097651
8886096483
8886076183
8886062419
8886065183
8886018623
8886018934
8886072853
8886086372
8886053918
8886087291
8886054712
8886081293
8886057941
8886097351
8886068739
8886094872
8886092687
8886085367
8886097526
8886094238
8886016473
8886069253
8886056827
8886091628
8886075932
8886059874
8886031625
8886067351
8886086795
8886084673
8886071394
8886072314
8886026738
8886095483
8886082394
8886058913
8886086742
8886082943
8886091374
8886072513
8886098671
8886072651
8886089143
8886074825
8886069854
8886062791
8886095134
8886084976
8886074839
8886014263
8886091847
8886069478
8886047693
8886091638
8886091274
8886078452
8886059734
8886059648
8886063958
8886089271
8886094683
8886092543
8886096478
8886076859
8886075962
8886086237
8886078329
8886087614
8886079146
8886082754
8886054127
8886064592
8886072364
8886091827
8886054679
8886078342
8886083617
8886093876
8886076315
8886061327
8886035127
8886047681
8886017953
8886082134
8886067584
8886017982
8886052841
8886084517
8886053781
8886093715
8886034581
8886074351
8886102574
8886035461
8886053126
8886096245
8886085123
8886086931
8886071562
8886047956
8886079612
8886083741
8886094756
8886084563
8886078246
8886078135
8886091485
8886096472
8886094731
8886076423
8886056912
8886081352
8886076182
8886094367
8886097648
8886069837
8886047815
8886082743
8886093427
8886097358
8886048573
8886057386
8886069783
8886053792
8886049817
8886084956
8886092541
8886097185
8886071963
8886102376
8886075489
8886056148
8886098354
8886058426
8886051498
8886071346
8886095374
8886075283
8886069713
8886098453
8886086932
8886092417
8886082319
8886094867
8886079463
8886069572
8886068913
8886012856
8886086413
8886058762
8886081695
8886062187
8886075246
8886035681
8886083642
8886095728
8886058972
8886078496
8886087352
8886075249
8886067589
8886094632
8886015843
8886098163
8886102549
8886091657
8886093247
8886052961
8886068123
8886084921
8886097283
8886056427
8886091576
8886065832
8886054871
8886069185
8886082975
8886078315
8886079563
8886097864
8886092576
8886096321
8886093647
8886018493
8886061273
8886084729
8886096812
8886068132
8886063548
8886067248
8886097368
8886087243
8886057864
8886097416
8886054932
8886083974
8886092845
8886097538
8886047385
8886067953
8886032971
8886078926
8886089632
8886078923
8886098572
8886049538
8886074286
8886017839
8886074985
8886057142
8886086541
8886052169
8886086754
8886086142
8886021964
8886056248
8886016839
8886102378
8886028167
8886076842
8886085139
8886039458
8886095861
8886058374
8886057143
8886083597
8886064123
8886062715
8886065129
8886057983
8886031769
8886074865
8886102589
8886045892
8886072538
8886027964
8886031875
8886034598
8886071964
8886071349
8886089376
8886059836
8886076918
8886082671
8886076248
8886067125
8886093761
8886094582
8886091386
8886094576
8886094713
8886094571
8886089276
8886085194
8886049681
8886094831
8886064759
8886094531
8886078912
8886086724
8886089745
8886057189
8886096783
8886079432
8886041935
8886092361
8886067548
8886084329
8886058914
8886096571
8886058216
8886081364
8886074963
8886071368
8886047635
8886097418
8886098142
8886072649
8886027869
8886082356
8886084159
8886047958
8886094581
8886036425
8886083675
8886091873
8886068459
8886012736
8886094368
8886093128
8886064192
8886071935
8886097632
8886092748
8886093268
8886084392
8886054183
8886083149
8886094856
8886048267
8886098436
8886093674
8886079541
8886072498
8886095231
8886095462
8886051437
8886086529
8886086275
8886081924
8886083475
8886076342
8886096425
8886059261
8886073864
8886034182
8886098357
8886092654
8886072938
8886094538
8886089412
8886093284
8886086123
8886025917
8886071425
8886068542
8886049163
8886089173
8886091745
8886082631
8886094635
8886102463
8886096457
8886036128
8886048736
8886081579
8886098562
8886084935
8886067134
8886089457
8886065928
8886092486
8886027859
8886098657
8886084679
8886093615
8886084693
8886068317
8886016792
8886072165
8886084165
8886073295
8886062398
8886098642
8886092674
8886078612
8886076329
8886098653
8886094781
8886095814
8886049827
8886075183
8886038621
8886065937
8886051738
8886096837
8886047623
8886102497
8886053629
8886087265
8886086195
8886079864
8886095641
8886102597
8886094382
8886081279
8886092834
8886098137
8886098247
8886093265
8886073461
8886048657
8886091257
8886082719
8886081472
8886083421
8886084236
8886093476
8886081632
8886068159
8886078561
8886049217
8886098251
8886091465
8886062485
8886067984
8886097523
8886051297
8886102398
8886097562
8886093564
8886081764
8886094673
8886096824
8886087436
8886085294
8886096413
8886089643
8886096842
8886058946
8886084791
8886089612
8886087946
8886091865
8886082374
8886069317
8886023761
8886092578
8886094263
8886053289
8886086459
8886051867
8886042756
8886089253
8886097452
8886067952
8886056741
8886069581
8886063158
8886073945
8886057432
8886074319
8886102458
8886075648
8886095482
8886026431
8886095671
8886043675
8886062798
8886051749
8886087319
8886054639
8886085417
8886094732
8886059361
8886094167
8886091624
8886102367
8886086593
8886091458
8886093512
8886087645
8886094156
8886096132
8886059873
8886087423
8886092357
8886081456
8886098516
8886053172
8886093418
8886087231
8886043789
8886084257
8886051623
8886083942
8886082153
8886056491
8886083594
8886085941
8886096431
8886052476
8886079624
8886074195
8886079324
8886052864
8886069384
8886089413
8886067418
8886092873
8886046135
8886091687
8886089712
8886065827
8886071536
8886093248
8886079582
8886084275
8886074863
8886097846
8886041327
8886062571
8886087234
8886074869
8886089234
8886074315
8886056238
8886074928
8886023791
8886086149
8886082159
8886095364
8886084965
8886083214
8886097425
8886075146
8886075918
8886096315
8886092438
8886021438
8886084216
8886078632
8886051396
8886098324
8886075612
8886091286
8886096385
8886049385
8886059687
8886083674
8886075618
8886071234
8886085274
8886087361
8886042186
8886095372
8886068729
8886102453
8886028694
8886047215
8886049815
8886096731
8886062358
8886095147
8886074198
8886095362
8886089216
8886097853
8886071389
8886094627
8886065479
8886053674
8886102596
8886047932
8886049156
8886038674
8886023185
8886087496
8886085714
8886087561
8886051926
8886079438
8886094628
8886049578
8886086547
8886087915
8886098465
8886085764
8886084215
8886102587
8886096152
8886095284
8886084932
8886086973
8886068139
8886095637
8886102547
8886086421
8886083927
8886061459
8886064795
8886083591
8886096743
8886021974
8886074215
8886059612
8886089417
8886096237
8886094152
8886097186
8886097152
8886047862
8886097548
8886085736
8886093684
8886086431
8886089135
8886071324
8886093548
8886047651
8886091378
8886085613
8886102349
8886087435
8886067594
8886062953
8886092861
8886095314
8886086912
8886074936
8886072695
8886097861
8886094526
8886073289
8886031284
8886065879
8886067128
8886062981
8886096873
8886021936
8886096127
8886094862
8886086174
8886087296
8886093561
8886097163
8886058736
8886096371
8886094182
8886049362
8886095736
8886093514
8886068947
8886042365
8886075814
8886097165
8886054972
8886054276
8886068725
8886093148
8886019374
8886093287
8886084723
8886029467
8886085174
8886093274
8886082615
8886015279
8886092473
8886064352
8886098123
8886069123
8886068529
8886027954
8886082739
8886096785
8886098214
8886069345
8886097321
8886046152
8886093764
8886097438
8886062531
8886098217
8886063815
8886072684
8886076592
8886081467
8886072859
8886018926
8886092647
8886073286
8886093187
8886085671
8886059738
8886098645
8886065473
8886079354
8886047983
8886072196
8886051982
8886085623
8886076391
8886097265
8886079523
8886096758
8886086975
8886013752
8886098174
8886094537
8886068793
8886068574
8886046731
8886049673
8886053748
8886097852
8886076948
8886068594
8886086734
8886083917
8886094213
8886053912
8886096184
8886094613
8886053417
8886092387
8886049158
8886057689
8886085316
8886084367
8886041265
8886096358
8886081475
8886097214
8886042653
8886078613
8886068534
8886096548
8886075184
8886098274
8886071859
8886094375
8886075126
8886087632
8886053469
8886094237
8886069132
8886096538
8886084521
8886072983
8886019457
8886085319
8886098654
8886054962
8886035982
8886067453
8886073691
8886095241
8886094675
8886096345
8886069327
8886094827
8886013827
8886056783
8886084675
8886097125
8886087514
8886095634
8886015346
8886085693
8886091432
8886089415
8886058761
8886067158
8886057628
8886091573
8886093784
8886093721
8886092614
8886085126
8886078219
8886095167
8886095437
8886096542
8886074368
8886094257
8886087693
8886072435
8886075263
8886058169
8886097246
8886092615
8886085976
8886073518
8886048369
8886087241
8886092475
8886084132
8886091675
8886063124
8886062147
8886057129
8886063149
8886083219
8886096275
8886083169
8886046971
8886097613
8886095621
8886042167
8886071369
8886091327
8886094157
8886098576
8886091825
8886057294
8886035214
8886096387
8886091845
8886025693
8886094258
8886093642
8886097356
8886095832
8886051387
8886093821
8886084731
8886059813
8886102647
8886093847
8886098143
8886089723
8886098134
8886092468
8886096421
8886047153
8886095271
8886067842
8886064125
8886086357
8886053692
8886068437
8886093754
8886096724
8886018732
8886098372
8886102365
8886081926
8886068197
8886095481
8886076213
8886085721
8886084952
8886073485
8886098361
8886047315
8886072514
8886081743
8886084975
8886075168
8886091648
8886078395
8886095342
8886098275
8886094825
8886064173
8886098574
8886073512
8886056943
8886089673
8886053281
8886075289
8886085497
8886091765
8886052763
8886096135
8886082675
8886087245
8886048952
8886094832
8886048917
8886083719
8886069415
8886097361
8886097643
8886084927
8886061348
8886071843
8886069135
8886097423
8886064389
8886061247
8886082953
8886093175
8886094761
8886095324
8886071493
8886087463
8886059187
8886097534
8886054362
8886028365
8886054137
8886096248
8886098521
8886085679
8886085642
8886053647
8886086745
8886069742
8886097564
8886098472
8886097453
8886081427
8886061745
8886078462
8886095726
8886086592
8886074593
8886079362
8886094785
8886079136
8886085136
8886085163
8886095748
8886073568
8886094578
8886102564
8886089124
8886091826
8886094631
8886092613
8886067215
8886045398
8886095218
8886065234
8886093617
8886086457
8886092316
8886073168
8886056172
8886046583
8886029563
8886059172
8886091348
8886084726
8886013725
8886061358
8886057412
8886063194
8886043982
8886032418
8886089367
8886065148
8886017825
8886047259
8886097183
8886058973
8886083297
8886094587
8886069314
8886073912
8886097142
8886093854
8886052381
8886089651
8886012487
8886097316
8886084739
8886046518
8886042395
8886087451
8886087261
8886086794
8886081647
8886078941
8886098345
8886097168
8886093781
8886053841
8886076834
8886081354
8886051298
8886054236
8886093825
8886074986
8886032765
8886098246
8886097856
8886036541
8886082375
8886063715
8886082695
8886095618
8886069512
8886087653
8886102579
8886092185
8886095683
8886094625
8886051839
8886086391
8886093571
8886091268
8886061398
8886037596
8886097521
8886091762
8886094356
8886063248
8886081327
8886096284
8886093465
8886058149
8886057986
8886098745
8886054916
8886095184
8886058461
8886086579
8886091483
8886069234
8886071528
8886092485
8886079143
8886079162
8886096547
8886041753
8886093276
8886073521
8886097863
8886059146
8886092745
8886102543
8886091385
8886096587
8886098512
8886079631
8886064579
8886091645
8886096527
8886079635
8886074386
8886046782
8886063418
8886078964
8886093584
8886083195
8886097431
8886075914
8886085719
8886097231
8886062157
8886087316
8886023145
8886076419
8886046918
8886071465
8886093241
8886082137
8886087956
8886095124
8886093417
8886067254
8886079421
8886082316
8886075412
8886092681
8886098376
8886084136
8886081259
8886095762
8886096574
8886096825
8886058964
8886095348
8886071568
8886065893
8886084572
8886067843
8886094518
8886056794
8886074831
8886102348
8886082546
8886062978
8886048791
8886098721
8886085913
8886094236
8886062483
8886102364
8886098267
8886093152
8886086573
8886097158
8886083572
8886092835
8886076359
8886094671
8886058412
8886085631
8886092651
8886086347
8886086791
8886098673
8886085369
8886074125
8886089214
8886092641
8886095843
8886076824
8886095734
8886097354
8886084562
8886098716
8886094268
8886083192
8886073196
8886027961
8886047895
8886102496
8886097825
8886071526
8886087695
8886093648
8886069281
8886091785
8886078536
8886085436
8886085217
8886074856
8886057693
8886072869
8886058264
8886096752
8886086394
8886093285
8886092734
8886028315
8886072936
8886089645
8886062547
8886102397
8886071463
8886048753
8886092453
8886082157
8886046387
8886082916
8886091235
8886058376
8886093264
8886094681
8886097841
8886059286
8886089312
8886083425
8886093126
8886081576
8886082761
8886053978
8886074682
8886082795
8886082513
8886081957
8886078152
8886085942
8886094753
8886084253
8886087136
8886014628
8886081493
8886047893
8886034196
8886094863
8886095278
8886079186
8886092548
8886052314
8886028657
8886078134
8886095431
8886086715
8886057613
8886096532
8886093527
8886056841
8886086432
8886082165
8886065439
8886057642
8886079481
8886085614
8886063145
8886102386
8886083451
8886094138
8886095178
8886093517
8886098346
8886052849
8886097261
8886017486
8886053476
8886079183
8886068154
8886059243
8886074931
8886078526
8886063127
8886082657
8886078291
8886017489
8886097238
8886078562
8886081673
8886078415
8886015623
8886067983
8886027319
8886069534
8886096814
8886084251
8886083152
8886083926
8886096153
8886091427
8886098273
8886096325
8886071598
8886087624
8886082347
8886078295
8886095123
8886089475
8886096253
8886054912
8886093184
8886082514
8886091584
8886049561
8886098651
8886097126
8886092586
8886056931
8886078934
8886083529
8886045679
8886086235
8886094837
8886094563
8886052614
8886051947
8886079126
8886074156
8886049862
8886083126
8886078649
8886095162
8886096437
8886046718
8886087421
8886067231
8886071584
8886062349
8886095761
8886084126
8886089472
8886041875
8886068923
8886073159
8886057924
8886081936
8886078421
8886083167
8886079436
8886102384
8886069413
8886102368
8886072956
8886095236
8886059831
8886092451
8886098367
8886059143
8886054163
8886094183
8886098347
8886094573
8886095786
8886082914
8886094235
8886097821
8886089621
8886057861
8886065874
8886047569
8886085936
8886096573
8886053876
8886026375
8886067452
8886085196
8886076482
8886076415
8886092817
8886049325
8886098435
8886058123
8886102476
8886092581
8886096735
8886094512
8886083276
8886061983
8886084796
8886102356
8886093724
8886012348
8886097421
8886063571
8886071895
8886087592
8886048259
8886082674
8886098634
8886082735
8886034286
8886097615
8886097412
8886075196
8886078693
8886096145
8886087159
8886068312
8886092354
8886042198
8886093742
8886095276
8886012854
8886083215
8886081527
8886102493
8886092814
8886096235
8886085491
8886085641
8886084615
8886078346
8886027518
8886096732
8886086523
8886058693
8886093752
8886065843
8886075981
8886092418
8886097683
8886087139
8886094617
8886096475
8886092784
8886071259
8886093516
8886092743
8886074918
8886093485
8886095724
8886098743
8886065192
8886098263
8886012594
8886094172
8886097465
8886089734
8886086127
8886094317
8886036524
8886067895
8886041378
8886094325
8886087269
8886073981
8886092716
8886047691
8886054892
8886079236
8886087326
8886078263
8886083921
8886093452
8886048521
8886076235
8886072564
8886092758
8886058763
8886076853
8886097532
8886026985
8886087456
8886095428
8886079584
8886096841
8886084315
8886089715
8886089423
8886072589
8886082915
8886102643
8886079158
8886075986
8886049138
8886096134
8886076243
8886082596
8886047938
8886092713
8886083714
8886021935
8886052173
8886083492
8886051347
8886075682
8886078594
8886081629
8886094126
8886097461
8886087419
8886097524
8886092175
8886071865
8886076321
8886096381
8886098723
8886091275
8886058941
8886078236
8886086154
8886097318
8886068742
8886098625
8886031295
8886064951
8886097386
8886058496
8886087253
8886089265
8886075698
8886089243
8886049312
8886102346
8886093275
8886029384
8886093851
8886091278
8886073529
8886052846
8886098437
8886097463
8886097584
8886093541
8886054796
8886087635
8886073986
8886075398
8886062185
8886093612
8886027649
8886095824
8886072598
8886084163
8886092851
8886095674
8886086512
8886084156
8886082749
8886074531
8886091342
8886094251
8886083941
8886056348
8886098675
8886087236
8886097218
8886083614
8886074356
8886098237
8886085743
8886086719
8886087691
8886097451
8886047532
8886084127
8886067924
8886057489
8886065492
8886082537
8886058126
8886079231
8886049628
8886052831
8886094852
8886056492
8886091467
8886096578
8886093471
8886092756
8886083965
8886085193
8886072431
8886091532
8886069745
8886092765
8886015976
8886052691
8886085962
8886046928
8886097154
8886079583
8886085932
8886098736
8886081974
8886082654
8886082469
8886094532
8886086435
8886097248
8886085729
8886094618
8886071264
8886095823
8886076234
8886086937
8886069513
8886072346
8886093546
8886097312
8886092163
8886093718
8886024169
8886098756
8886059267
8886072864
8886098423
8886087134
8886061435
8886067182
8886102639
8886087349
8886098631
8886095836
8886092358
8886076541
8886049273
8886098316
8886069821
8886063792
8886096318
8886097642
8886031627
8886064752
8886076142
8886097256
8886069751
8886096815
8886091623
8886096271
8886092368
8886098526
8886048651
8886058741
8886065894
8886082746
8886037695
8886087564
8886057619
8886049236
8886097235
8886023194
8886074692
8886093461
8886063592
8886083417
8886084539
8886083415
8886049613
8886096528
8886062459
8886089254
8886059632
8886091354
8886085341
8886093871
8886098476
8886048516
8886074189
8886069287
8886016489
8886096513
8886062475
8886047625
8886073264
8886098432
8886031768
8886048257
8886087659
8886092658
8886067481
8886093256
8886075281
8886052913
8886098713
8886045683
8886084762
8886061853
8886023769
8886092746
8886097234
8886083549
8886056893
8886073629
8886048392
8886086215
8886094873
8886094651
8886075863
8886095723
8886047253
8886079416
8886078453
8886084375
8886091463
8886081267
8886057286
8886089574
8886084613
8886093815
8886087153
8886091685
8886083294
8886083265
8886098514
8886102598
8886049162
8886092148
8886095718
8886087961
8886058671
8886095847
8886096378
8886094312
8886075436
8886096721
8886091487
8886065837
8886037428
8886096182
8886098315
8886094536
8886058943
8886049125
8886096875
8886081639
8886083679
8886086217
8886092567
8886102465
8886093856
8886072951
8886061345
8886096728
8886083256
8886096521
8886069542
8886038765
8886093582
8886091276
8886098541
8886039175
8886053827
8886059326
8886083547
8886089476
8886094736
8886061493
8886059461
8886086519
8886083269
8886094678
8886058471
8886078364
8886097546
8886078564
8886058364
8886072861
8886098314
8886074168
8886098543
8886083497
8886054683
8886094726
8886052948
8886091462
8886061284
8886082135
8886097815
8886097381
8886058962
8886054829
8886056478
8886098162
8886085937
8886092318
8886064952
8886095874
8886065243
8886098647
8886097148
8886092573
8886025617
8886087543
8886095163
8886057293
8886083672
8886089325
8886049516
8886096215
8886056932
8886072349
8886092571
8886052489
8886095387
8886097243
8886087452
8886075318
8886094168
8886095182
8886068492
8886068572
8886083526
8886053678
8886074639
8886075491
8886051894
8886084356
8886062514
8886081964
8886086175
8886087523
8886091863
8886074689
8886102369
8886095834
8886087124
8886079485
8886085629
8886089517
8886049283
8886027368
8886069438
8886074823
8886098412
8886091574
8886076394
8886094653
8886079234
8886096124
8886068917
8886086371
8886084265
8886073149
8886096481
8886095263
8886096328
8886057413
8886068971
8886093245
8886076139
8886094752
8886059741
8886091572
8886098261
8886021798
8886056174
8886074829
8886095426
8886098173
8886073695
8886078146
8886084567
8886095821
8886049816
8886065721
8886081623
8886098617
8886083512
8886054197
8886096427
8886092413
8886057461
8886034597
8886026791
8886013286
8886102439
8886093487
8886098751
8886073498
8886098635
8886092847
8886076451
8886092546
8886041658
8886082635
8886096142
8886076289
8886092346
8886086412
8886095137
8886081247
8886074163
8886028971
8886073589
8886082493
8886096537
8886073958
8886093462
8886097813
8886094712
8886089346
8886081972
8886012587
8886084651
8886091854
8886027485
8886081796
8886037186
8886096857
8886094178
8886076412
8886076952
8886083472
8886082531
8886093574
8886079134
8886092514
8886062371
8886076492
8886064718
8886053819
8886082463
8886091247
8886095128
8886096714
8886086415
8886063417
8886091475
8886094318
8886092837
8886094765
8886089235
8886069752
8886097681
8886074312
8886093746
8886037821
8886086531
8886083914
8886064597
8886076341
8886085912
8886059284
8886062918
8886082364
8886083612
8886072856
8886061729
8886092154
8886097512
8886093765
8886093412
8886073651
8886093562
8886079683
8886075218
8886098463
8886042736
8886083627
8886082716
8886046729
8886093415
8886067289
8886047968
8886085694
8886091564
8886097634
8886078495
8886097216
8886047169
8886073419
8886081297
8886081395
8886092781
8886075392
8886059348
8886083967
8886097268
8886092356
8886061784
8886048312
8886079253
8886081963
8886076285
8886069381
8886098632
8886081935
8886063951
8886017893
8886098641
8886093185
8886081652
8886073218
8886072619
8886064295
8886057296
8886079413
8886019487
8886091862
8886071625
8886091347
8886092364
8886089562
8886053197
8886085169
8886089654
8886058764
8886048315
8886082653
8886087642
8886063489
8886092635
8886083569
8886074935
8886092643
8886071928
8886097824
8886023984
8886062781
8886068153
8886057641
8886014389
8886085963
8886059321
8886085392
8886083946
8886096754
8886098342
8886093578
8886083621
8886062395
8886057934
8886094836
8886064523
8886065784
8886087649
8886073268
8886098153
8886063859
8886093751
8886097145
8886035672
8886062145
8886097842
8886061735
8886078254
8886067845
8886079368
8886037528
8886102394
8886097561
8886061923
8886013856
8886096517
8886082951
8886079486
8886027386
8886092763
8886057136
8886094762
8886086954
8886098712
8886091734
8886072345
8886064127
8886026975
8886096324
8886076219
8886098624
8886069148
8886072815
8886026534
8886059247
8886086214
8886097213
8886074632
8886082613
8886079534
8886098365
8886067598
8886078126
8886073951
8886082365
8886051389
8886046759
8886051234
8886098765
8886045816
8886073649
8886094273
8886095418
8886046973
8886096285
8886024617
8886042195
8886091843
8886092471
8886098652
8886081254
8886074518
8886076812
8886078695
8886032518
8886091263
8886079138
8886086723
8886072839
8886091754
8886015293
8886073654
8886095214
8886054261
8886083194
8886082796
8886089634
8886075482
8886086517
8886067894
8886092516
8886096751
8886085179
8886058937
8886094371
8886065273
8886074592
8886086527
8886078654
8886067948
8886076439
8886089241
8886064792
8886087321
8886081675
8886072698
8886068943
8886089162
8886095681
8886092467
8886094153
8886073158
8886056281
8886096458
8886076892
8886054612
8886093827
8886071385
8886102657
8886052437
8886094315
8886091546
8886074562
8886098614
8886061785
8886058769
8886049853
8886053967
8886072143
8886098271
8886076943
8886081547
8886096312
8886083427
8886081235
8886097456
8886068243
8886093451
8886069527
8886054279
8886068954
8886075136
8886082143
8886081495
8886092783
8886097865
8886048637
8886089516
8886058942
8886073186
8886048359
8886067541
8886095432
8886085612
8886091248
8886085249
8886076825
8886049518
8886089126
8886048597
8886073548
8886032194
8886072945
8886096423
8886096375
8886097812
8886091537
8886093271
8886085213
8886095732
8886061547
8886037965
8886067981
8886063251
8886036125
8886057198
8886098216
8886082639
8886072546
8886073562
8886078321
8886052834
8886076438
8886102395
8886102436
8886073925
8886102357
8886095613
8886081795
8886083791
8886024165
8886097823
8886095617
8886081742
8886092853
8886094132
8886073916
8886054729
8886061375
8886098236
8886072169
8886094175
8886047182
8886085479
8886094125
8886027316
8886091746
8886089215
8886084571
8886064817
8886067419
8886093456
8886053721
8886067489
8886093678
8886076435
8886051329
8886102576
8886089572
8886093785
8886098245
8886048973
8886091724
8886098451
8886091238
8886058147
8886079825
8886038475
8886097153
8886083596
8886089374
8886068937
8886084715
8886102594
8886051946
8886078264
8886092618
8886045392
8886076294
8886093267
8886082619
8886078513
8886034261
8886082536
8886083196
8886049623
8886083619
8886094562
8886057862
8886048135
8886085234
8886051849
8886097382
8886097816
8886078156
8886095368
8886019245
8886097654
8886043268
8886078951
8886092564
8886095216
8886085296
8886054193
8886089623
8886052347
8886073658
8886062943
8886102548
8886093482
8886091468
8886092513
8886056132
8886067495
8886095684
8886054867
8886093572
8886081497
8886081439
8886094165
8886079365
8886093528
8886056297
8886043126
8886102385
8886093251
8886083576
8886089541
8886065372
8886065987
8886091836
8886064395
8886075192
8886063517
8886091763
8886054861
8886064728
8886092675
8886083542
8886093524
8886079316
8886068925
8886046871
8886067912
8886061897
8886091536
8886094163
8886102468
8886067519
8886094657
8886082956
8886075248
8886086341
8886081347
8886073924
8886076584
8886081627
8886087526
8886097685
8886069182
8886069714
8886065924
8886076185
8886073261
8886057429
8886089146
8886081463
8886057931
8886018763
8886075321
8886098643
8886086375
8886093478
8886095784
8886091786
8886076938
8886085926
8886054217
8886089514
8886092768
8886067412
8886069725
8886084397
8886076253
8886093681
8886084639
8886078623
8886094327
8886092164
8886098356
8886052164
8886015826
8886092816
8886079351
8886058297
8886083761
8886069142
8886081276
8886089256
8886023497
8886095281
8886051378
8886054976
8886074358
8886047316
8886056294
8886092764
8886029865
8886026841
8886025731
8886059617
8886084971
8886052814
8886098213
8886084732
8886079263
8886098127
8886067283
8886094812
8886092754
8886046912
8886097346
8886098416
8886081634
8886102593
8886075629
8886097652
8886095712
8886057394
8886076548
8886046318
8886072419
8886096715
8886071243
8886074238
8886058314
8886046821
8886098563
8886081459
8886048276
8886097568
8886073624
8886072563
8886086245
8886069153
8886065213
8886021347
8886093624
8886102437
